47567
61640
91644
93539
123008
168273
176332
222787
229736
250291
251126
251228
251462
251569
251629
251679
251698
251702
251704
251706
251714
251715
251716
251720
251721
251722
251723
251724
251727
251728
251729
251730
251732
251734
251735
251736
251737
251738
251740
251741
251742
251743
251744
251745
251746
251747
251749
251750
251751
251753
251754
251755
251756
251757
251758
251759
251760
251761
251762
251763
251764
251767
251768
251769
251770
251771
251772
251773
251774
251775
251776
251778
251779
251780
251781
251782
251783
251784
251785
251786
251787
251788
251789
251790
251791
251792
251793
251794
251795
251796
251797
251798
251799
251800
251801
251802
251803
251805
251806
251808
251809
251811
251812
251813
251814
251815
251816
251817
251818
251819
251820
251821
251822
251823
251824
251825
251826
251828
251829
251841
251842
251843
251844
251846
251847
251848
251849
251850
251851
251852
251853
251854
251855
251856
251857
251858
251859
251860
251861
251862
251863
251864
251865
251866
251867
251868
251869
251872
251873
251874
251875
251876
251877
251878
251879
251880
251881
251882
251883
251884
251885
251886
251887
251888
251889
251890
251892
251893
251894
251895
251896
251897
251898
251899
251900
251901
251902
251903
251904
251905
251908
251919
251930
251937
251938
251959
251974
251992
251995
252017
252018
252045
252048
252049
252081
252088
252096
252109
252112
252126
252138
252140
252148
252156
252158
252159
252183
252194
252204
252207
252215
252223
252244
252252
252257
252259
252264
252265
252266
252267
252268
252269
252271
252272
252274
252275
252276
252277
252278
252279
252280
252281
252282
252284
252285
252286
252287
252289
252290
252291
252292
252293
252294
252295
252296
252297
252298
252299
252300
252301
252302
252303
252304
252305
252306
252307
252308
252309
252310
252311
252312
252313
252314
252315
252316
252317
252318
252319
252320
252321
252322
252323
252324
252325
252326
252327
252328
252329
252330
252332
252333
252334
252335
252336
252337
252338
252339
252340
252341
252342
252343
252344
252345
252346
252347
252348
252349
252350
252351
252352
252353
252354
252355
252362
252366
252369
252371
252374
252378
252385
252387
252388
252401
252404
252407
252412
252413
252416
252420
252425
252428
252431
252432
252433
252434
252435
252454
252456
252482
252489
252493
252500
252502
252527
252528
252535
252538
252542
252547
252554
252558
252560
252561
252566
252569
252571
252572
252574
252575
252576
252578
252579
252580
252581
252582
252585
252586
252592
252610
252611
252613
252615
252623
252644
252647
252653
252656
252665
252673
252676
252678
252686
252689
252691
252706
252707
252713
252720
252721
252729
252736
252740
252746
252749
252752
252761
252763
252772
252788
252790
252796
252801
252805
252807
252809
252821
252827
252831
252832
252838
252841
252849
252851
252866
252869
252871
252880
252889
252897
252902
252906
252908
252911
252921
252927
252930
252939
252945
252951
252955
252957
252962
252964
252970
252971
252974
252977
252978
252991
252992
252999
253002
253013
253016
253021
253023
253025
253033
253034
253041
253053
253056
253068
253070
253082
253088
253090
253095
253101
253110
253113
253123
253126
253132
253134
253137
253143
253145
253146
253150
253156
253163
253164
253165
253179
253182
253185
253189
253191
253196
253198
253212
253213
253221
253222
253228
253230
253235
253245
253247
253252
253262
253266
253291
253293
253296
253304
253305
253308
253320
253326
253335
253340
253341
253347
253348
253351
253353
253361
253364
253365
253366
253369
253370
253377
253382
253383
253395
253396
253397
253405
253413
253415
253421
253428
253434
253437
253447
253453
253457
253458
253465
253477
253482
253488
253490
253491
253492
253496
253500
253503
253514
253522
253528
253529
253531
253535
253536
253539
253549
253553
253556
253564
253568
253574
253580
253586
253587
253592
253597
253598
253607
253613
253616
253619
253622
253625
253636
253643
253657
253662
253673
253674
253685
253692
253696
253698
253704
253718
253730
253733
253743
253765
253778
253793
253796
253803
253807
253812
253813
253818
253827
253832
253844
253848
253852
253861
253864
253866
253876
253877
253888
253899
253907
253909
253932
253937
253939
253940
253949
253956
253960
253963
253978
253983
253993
254003
254010
254021
254022
254038
254040
254043
254048
254057
254073
254076
254086
254098
254104
254118
254123
254131
254141
254149
254157
254163
254171
254173
254181
254184
254220
254222
254228
254233
254240
254247
254252
254260
254265
254268
254269
254278
254299
254301
254302
254313
254318
254322
254331
254340
254342
254345
254357
254359
254369
254372
254377
254378
254390
254394
254397
254401
254426
254430
254434
254442
254448
254462
254463
254465
254469
254482
254486
254492
254494
254502
254503
254508
254512
254549
254556
254557
254568
254578
254579
254581
254600
254601
254618
254630
254633
254634
254638
254639
254644
254649
254650
254657
254662
254664
254666
254669
254672
254678
254684
254692
254702
254703
254706
254718
254719
254725
254733
254747
254753
254758
254775
254777
254786
254787
254789
254791
254794
254800
254809
254813
254815
254818
254821
254825
254827
254831
254838
254851