DELETE FROM messaging__threads
WHERE id IN (
251437,
251719,
259411,
260010,
260258,
260296,
259415,
260009,
257223,
257489,
156065,
255187,
156358,
249043,
180675,
248603,
259425,
260015,
260251,
260292,
260293,
252649,
252650,
259428,
260627,
248701,
251245,
259451,
260247,
230978,
248730,
248731,
248789,
248787,
248788,
249366,
249367,
249368,
249369,
255172,
258707,
258780,
258885,
259073,
259197,
259375,
257638,
257639,
260505,
256861,
256862,
256863,
259452,
260012,
260255,
260300,
155854,
252453,
186661,
248234,
249545,
249780,
239028,
249010,
180675,
248603,
155854,
252453,
220239,
251601,
156221,
254916,
220255,
249363,
223672,
248767,
239982,
251192,
229139,
248776,
256916,
239022,
248672,
251154,
252496,
235239,
248784,
248780,
251146,
248170,
251139,
248525,
250625,
250658,
251174,
248692,
251189,
249340,
251181,
249327,
251185,
249326,
251184,
249316,
251183,
251134,
251167,
251073,
252582,
253370,
253668,
253670,
253357,
253667,
239021,
249025,
190639,
248793,
249361,
248674,
248986,
255292,
255972,
256292,
259471,
260252,
259463,
260011,
250677,
252197,
220239,
251601,
206732,
250058,
258463,
258464,
258465,
259470,
260254,
260297,
248623,
248949,
156065,
255187,
156358,
249043,
156221,
254916,
156464,
254920,
156573,
249040,
156420,
252167,
157045,
251443,
176195,
252312,
176210,
252165,
254936,
176237,
252228,
254938,
254939,
254940,
179410,
252309,
204065,
254921,
252203,
254935,
254992,
206739,
250053,
252229,
254941,
251444,
254931,
251500,
254918,
254997,
251495,
254929,
227329,
248670,
248994,
250624,
242099,
252169,
252170,
254926,
251502,
252311,
254925,
243218,
248037,
252160,
254932,
251512,
254993,
252171,
254937,
251486,
254927,
250626,
254922,
251801,
252327,
251558,
254928,
251515,
254930,
251199,
254923,
251800,
252326,
252156,
254933,
223735,
248768,
156464,
254920,
251837,
251838,
259455,
260935,
248706,
251242,
186661,
248234,
229383,
248176,
254632,
239287,
248975,
258443,
258444,
260659,
260660,
156573,
249040,
156420,
252167,
260555,
260556,
257226,
257492,
253271,
253272,
188200,
257282,
157045,
251443,
239017,
248671,
249019,
249069,
231383,
248815,
256425,
256613,
259391,
260014,
239110,
248991,
253542,
253763,
253518,
253745,
257197,
257465,
176195,
252312,
250634,
252362,
256436,
256625,
203746,
259217,
176210,
252165,
254936,
260173,
260174,
248724,
251228,
253541,
253762,
203846,
259218,
239106,
248901,
176237,
252228,
257568,
257933,
220255,
249363,
253528,
253750,
257589,
257901,
248627,
248954,
227228,
259213,
253519,
253746,
253790,
255222,
255812,
248717,
251234,
255083,
255236,
260162,
260163,
253950,
253951,
241610,
248048,
254938,
254939,
254940,
259464,
260256,
241374,
248007,
179410,
252309,
253941,
253942,
248751,
251214,
244733,
248111,
248903,
249063,
257213,
257479,
257220,
257486,
253552,
253792,
188200,
257282,
239115,
248992,
253336,
253580,
248756,
251210,
257215,
257481,
257482,
259998,
259999,
253859,
254531,
254368,
254789,
257669,
257670,
257671,
257672,
204065,
254921,
248738,
251225,
190639,
248793,
249361,
226451,
248977,
253860,
254532,
256021,
256491,
252203,
254935,
254992,
254723,
255113,
253347,
253814,
253862,
241610,
248048,
241601,
248064,
248054,
248055,
241547,
248108,
241706,
248056,
257209,
257475,
256429,
256617,
256618,
250043,
250044,
250045,
250046,
255896,
256525,
260936,
260937,
260938,
260939,
260940,
260941,
203746,
259217,
203846,
259218,
227228,
259213,
241601,
248064,
230978,
248730,
248731,
248789,
248534,
248772,
253522,
253748,
253855,
254537,
248625,
248952,
248630,
248957,
239113,
248993,
256959,
257131,
248787,
248788,
249545,
249780,
206732,
250058,
206739,
250053,
250043,
250044,
250045,
250046,
250028,
250027,
250003,
250004,
249988,
249989,
249961,
249962,
249964,
249965,
249966,
249967,
249950,
249951,
249952,
249941,
249946,
249933,
249938,
249931,
249932,
249906,
249905,
249898,
249899,
249889,
249890,
249891,
249863,
249864,
249857,
249858,
249828,
249827,
249746,
249747,
249727,
249728,
249724,
249725,
249726,
249713,
249714,
249704,
249705,
249697,
249698,
249682,
249683,
249675,
249680,
249681,
250054,
250055,
249644,
249652,
249630,
249631,
249627,
249628,
249622,
249623,
249624,
249615,
249616,
249618,
249619,
249604,
249605,
249580,
249581,
249577,
249578,
249579,
249575,
249576,
249562,
249563,
249565,
249779,
249557,
249558,
249509,
249510,
249511,
250131,
250132,
250130,
250135,
250120,
250121,
250116,
250117,
250106,
250107,
250108,
250100,
250102,
250089,
250090,
250087,
250088,
250080,
250084,
250081,
250085,
250082,
250083,
250075,
250076,
250072,
250073,
250074,
256370,
259458,
228570,
248770,
248149,
248150,
242371,
257042,
257043,
257044,
257045,
257046,
257047,
257048,
257049,
257050,
257051,
252229,
254941,
229383,
248176,
254632,
258653,
258654,
239085,
249065,
253539,
253760,
253812,
231376,
248766,
239108,
248982,
252839,
252840,
260851,
260852,
255173,
258709,
259202,
259356,
231367,
248771,
258454,
258455,
248742,
251222,
255376,
259257,
250761,
253905,
253906,
251444,
254931,
239124,
249070,
255869,
256031,
256502,
253561,
253801,
248632,
248959,
257445,
257946,
248701,
251245,
223672,
248767,
223735,
248768,
248706,
251242,
231383,
248815,
248724,
251228,
248717,
251234,
248751,
251214,
248756,
251210,
248738,
251225,
248534,
248772,
228570,
248770,
231376,
248766,
231367,
248771,
248742,
251222,
248748,
251217,
248712,
251237,
248743,
251221,
248721,
251230,
248705,
251243,
248755,
251211,
248718,
251233,
248759,
251208,
248719,
251232,
248735,
251227,
248704,
251244,
248744,
251220,
248703,
251246,
248733,
251249,
248707,
251241,
248714,
251236,
248750,
251215,
248732,
251250,
248702,
248819,
251247,
248736,
251226,
248544,
248846,
248739,
251224,
248545,
248847,
248546,
248848,
248710,
251239,
248745,
251219,
248551,
248852,
248752,
251213,
248553,
248853,
248741,
251223,
248716,
251235,
248560,
248843,
248720,
251231,
248757,
251209,
248734,
251248,
248747,
251218,
248550,
248851,
248549,
248850,
248708,
251240,
248711,
251238,
248749,
251216,
248753,
251212,
248543,
248845,
248542,
248844,
248723,
251229,
248564,
248837,
248557,
249354,
248554,
248854,
248547,
248849,
248552,
251387,
251526,
251724,
259818,
259819,
259881,
259882,
254725,
255114,
248621,
248947,
256428,
256616,
250675,
250676,
227442,
248669,
249011,
256605,
256608,
249192,
250318,
253567,
253806,
253807,
257210,
257476,
253858,
254530,
258636,
258725,
258737,
258746,
258767,
258770,
258781,
258886,
248054,
248055,
239121,
249017,
233917,
249027,
239107,
248987,
251500,
254918,
254997,
248748,
251217,
257222,
257488,
253350,
253771,
258638,
258727,
258739,
253532,
253754,
239112,
248988,
253550,
253768,
239109,
248980,
239111,
248989,
257588,
257900,
255379,
259254,
239982,
251192,
239082,
251082,
253564,
253803,
253699,
253700,
258993,
258994,
229139,
248776,
256916,
251495,
254929,
253520,
253747,
239045,
249009,
239028,
249010,
239022,
248672,
239021,
249025,
248674,
248986,
248623,
248949,
227329,
248670,
248994,
250624,
239017,
248671,
249019,
249069,
239110,
248991,
250634,
252362,
239106,
248901,
248627,
248954,
248903,
249063,
239115,
248992,
226451,
248977,
248625,
248952,
248630,
248957,
239113,
248993,
239085,
249065,
239108,
248982,
239124,
249070,
248632,
248959,
248621,
248947,
227442,
248669,
249011,
239121,
249017,
233917,
249027,
239107,
248987,
239112,
248988,
239109,
248980,
239111,
248989,
239082,
251082,
239045,
249009,
239120,
249020,
249071,
248646,
251083,
248910,
249067,
239333,
249007,
239043,
249006,
248624,
248950,
248951,
238907,
249004,
248622,
248948,
239090,
249029,
239117,
249000,
239116,
249001,
239119,
249002,
239086,
251084,
239023,
249068,
248662,
251085,
248634,
248961,
248628,
248955,
248942,
251081,
248626,
248953,
248633,
248960,
248629,
248956,
248654,
249066,
248631,
248958,
242099,
252169,
255213,
255803,
239120,
249020,
249071,
248712,
251237,
248743,
251221,
256388,
256389,
255084,
255237,
248721,
251230,
256955,
257127,
253549,
253767,
253770,
251154,
252496,
257204,
257471,
253554,
253795,
253540,
253761,
253810,
260140,
260139,
252597,
252598,
252170,
254926,
238278,
248423,
253950,
253951,
253941,
253942,
242371,
257042,
257043,
257044,
257045,
257046,
257047,
257048,
257049,
257050,
257051,
250761,
253905,
253906,
249192,
250318,
238278,
248423,
249284,
250292,
252531,
253898,
252518,
253897,
237354,
249134,
236669,
248432,
252517,
253896,
237644,
248422,
252508,
253895,
235239,
248784,
241547,
248108,
253535,
253756,
257663,
257664,
257665,
257666,
257667,
257668,
260169,
260170,
241706,
248056,
257500,
258315,
249284,
250292,
252531,
253898,
255927,
256151,
256192,
256256,
251502,
252311,
254925,
256958,
257130,
255933,
256154,
256434,
256623,
255844,
256166,
256957,
257129,
248646,
251083,
260157,
260158,
252602,
252605,
248910,
249067,
260598,
260599,
252518,
253897,
237354,
249134,
257500,
258315,
255927,
256151,
256192,
256256,
255933,
256154,
255844,
256166,
257501,
258316,
255930,
256150,
257503,
258318,
255834,
256159,
255481,
258451,
255925,
256146,
255832,
256157,
255840,
256164,
255836,
256162,
255839,
256165,
255503,
255725,
255833,
256158,
256664,
256667,
255923,
256144,
255835,
256160,
255926,
256147,
258276,
258277,
257506,
258321,
255501,
255715,
257498,
258313,
255830,
256155,
255932,
256153,
255502,
255726,
255500,
255716,
256878,
257523,
257524,
257510,
257511,
254594,
254595,
254600,
254715,
255928,
256148,
257508,
258311,
254613,
254713,
256666,
256669,
257507,
258322,
257499,
258314,
254702,
254703,
257505,
258320,
257504,
258319,
255499,
255717,
254326,
260118,
255838,
256163,
254612,
254712,
254614,
254714,
254602,
254716,
254616,
254711,
256665,
256668,
258260,
258261,
254603,
254717,
257502,
258317,
256193,
256257,
254604,
254718,
257061,
257062,
257063,
257065,
257066,
257064,
255498,
255718,
255496,
255720,
255951,
256142,
255929,
256149,
255924,
256145,
255244,
259221,
259371,
256262,
257410,
257496,
258312,
255831,
256156,
255494,
255727,
255497,
255719,
255837,
256161,
255504,
255724,
255931,
256152,
255922,
256143,
256214,
260745,
256200,
256568,
241374,
248007,
244733,
248111,
239287,
248975,
239333,
249007,
255215,
255805,
239043,
249006,
248705,
251243,
248624,
248950,
248951,
236669,
248432,
243218,
248037,
252517,
253896,
238907,
249004,
248622,
248948,
257501,
258316,
239090,
249029,
237644,
248422,
255260,
259225,
259374,
239117,
249000,
248780,
251146,
250027,
250028,
255930,
256150,
239116,
249001,
239119,
249002,
249366,
249367,
249368,
249369,
257191,
257459,
239086,
251084,
239023,
249068,
250004,
250003,
259561,
259562,
255208,
255798,
249988,
249989,
257218,
257484,
248755,
251211,
249961,
249962,
249964,
249965,
249966,
249967,
249950,
249951,
249952,
249941,
249946,
249933,
249938,
249931,
249932,
248718,
251233,
242004,
248698,
242004,
248698,
249905,
249906,
255221,
255811,
249898,
249899,
249889,
249890,
249891,
257208,
257474,
249863,
249864,
249857,
249858,
248759,
251208,
248719,
251232,
248149,
248150,
249828,
249827,
248735,
251227,
248662,
251085,
248704,
251244,
248634,
248961,
257503,
258318,
248170,
251139,
249746,
249747,
249727,
249728,
249724,
249725,
249726,
248744,
251220,
249713,
249714,
249704,
249705,
249697,
249698,
248628,
248955,
255834,
256159,
249682,
249683,
248525,
250625,
249675,
249680,
249681,
248942,
251081,
248703,
251246,
248733,
251249,
256430,
256619,
248707,
251241,
250054,
250055,
252160,
254932,
253263,
253264,
257219,
257485,
253525,
253749,
249644,
249652,
248714,
251236,
251512,
254993,
248750,
251215,
253560,
253799,
249630,
249631,
259608,
260385,
260727,
248732,
251250,
248702,
248819,
251247,
249627,
249628,
248736,
251226,
258029,
258030,
258031,
255481,
258451,
252810,
252811,
249622,
249623,
249624,
249615,
249616,
257225,
257491,
249618,
249619,
258470,
258471,
249392,
260808,
260809,
252831,
253198,
255178,
258712,
259205,
259359,
258489,
258490,
258491,
258492,
258493,
258494,
258495,
258448,
258449,
248544,
248846,
248739,
251224,
248545,
248847,
248546,
248848,
249604,
249605,
248710,
251239,
248745,
251219,
248551,
248852,
253345,
253818,
252171,
254937,
248752,
251213,
248553,
248853,
248741,
251223,
248716,
251235,
248626,
248953,
248633,
248960,
248560,
248843,
248720,
251231,
257196,
257464,
248757,
251209,
248734,
251248,
256426,
256614,
248747,
251218,
248550,
248851,
248549,
248850,
248708,
251240,
248711,
251238,
248749,
251216,
248753,
251212,
249580,
249581,
249579,
249577,
249578,
255925,
256146,
248543,
248845,
248542,
248844,
249575,
249576,
248723,
251229,
248564,
248837,
248557,
249354,
260135,
260137,
248554,
248854,
248547,
248849,
248552,
251387,
248629,
248956,
249562,
249563,
253553,
253794,
255832,
256157,
249565,
249779,
248654,
249066,
258446,
258447,
249557,
249558,
248631,
248958,
253555,
253556,
253796,
255840,
256164,
252055,
252061,
255836,
256162,
256024,
256494,
257193,
257460,
251486,
254927,
255256,
258720,
259212,
250658,
251174,
260206,
260726,
251751,
251845,
252057,
252063,
248692,
251189,
252088,
252089,
253562,
253802,
255839,
256165,
250675,
250676,
250626,
254922,
252601,
252604,
254366,
254787,
255503,
255725,
255833,
256158,
252956,
252957,
249509,
249510,
249511,
252056,
252062,
257441,
257942,
256664,
256667,
249340,
251181,
260165,
260166,
260167,
258470,
258471,
255923,
256144,
253551,
253769,
253793,
255895,
256524,
256773,
249327,
251185,
249326,
251184,
249316,
251183,
251437,
251719,
252649,
252650,
250677,
252197,
251837,
251838,
256370,
259458,
251526,
251724,
252597,
252598,
252602,
252605,
249392,
260808,
260809,
252055,
252061,
251751,
251845,
252057,
252063,
252088,
252089,
252601,
252604,
252056,
252062,
252180,
252183,
251752,
251847,
250615,
250616,
251783,
251784,
252092,
252095,
252181,
252184,
252179,
252182,
252054,
252060,
252059,
252065,
252058,
252064,
252014,
252015,
251856,
252175,
251065,
251956,
251750,
251844,
251070,
251915,
251749,
251843,
251753,
251848,
251755,
251849,
251115,
251846,
252600,
252603,
252676,
258683,
253544,
253545,
255163,
255164,
255361,
259270,
253537,
253758,
257442,
257943,
255835,
256160,
256816,
257261,
252180,
252183,
253529,
253751,
255926,
256147,
251590,
252689,
256443,
256631,
250131,
250132,
250130,
250135,
250120,
250121,
250116,
250117,
250106,
250107,
250108,
250100,
250102,
250089,
250090,
250087,
250088,
250080,
250084,
250081,
250085,
250082,
250083,
250075,
250076,
250072,
250073,
250074,
251801,
252327,
255212,
255802,
255254,
255407,
258721,
259214,
259366,
251752,
251847,
250616,
250615,
251783,
251784,
252092,
252095,
252181,
252184,
253538,
253759,
253813,
252179,
252182,
251558,
254928,
258276,
258277,
252054,
252060,
251134,
251167,
252059,
252065,
252058,
252064,
252014,
252015,
255219,
255809,
251073,
252582,
252839,
252840,
252831,
253198,
251515,
254930,
255223,
255813,
251856,
252175,
251065,
251956,
251750,
251844,
251070,
251915,
251749,
251843,
251753,
251848,
260102,
260725,
251755,
251849,
251199,
254923,
253531,
253753,
251115,
251846,
251800,
252326,
255454,
259272,
252156,
254933,
253348,
253815,
257506,
258321,
252508,
253895,
253609,
254362,
253370,
253668,
253670,
255501,
255715,
251813,
256386,
255375,
259258,
256388,
256389,
252956,
252957,
251590,
252689,
253609,
254362,
251813,
256386,
257636,
260506,
257498,
258313,
255830,
256155,
255210,
255799,
253271,
253272,
260851,
260852,
253263,
253264,
252810,
252811,
252677,
252679,
253319,
253320,
253124,
253321,
253168,
253304,
257635,
258870,
260507,
256903,
256904,
259469,
260259,
255932,
256153,
253547,
253765,
254368,
254789,
254366,
254787,
253034,
253599,
253203,
253204,
254365,
254785,
254786,
254367,
254788,
255502,
255726,
253558,
253798,
255500,
255716,
256878,
257523,
257524,
253568,
253808,
253809,
260623,
260624,
255753,
255940,
258637,
258726,
258738,
258756,
258887,
252600,
252603,
253557,
253797,
252677,
252679,
255886,
256046,
256519,
252676,
258683,
253034,
253599,
257510,
257511,
253839,
254535,
255216,
255806,
253203,
253204,
257443,
257944,
254594,
254595,
254600,
254715,
254365,
254785,
254786,
255250,
255251,
253548,
253766,
255928,
256148,
255872,
256034,
256505,
257508,
258311,
253533,
253755,
257439,
257940,
257292,
257420,
257297,
257425,
254613,
254713,
256956,
257128,
257152,
257428,
253854,
254536,
256666,
256669,
257507,
258322,
257438,
257939,
253565,
253804,
253530,
253752,
253566,
253805,
260053,
260382,
257499,
258314,
253349,
253774,
254367,
254788,
255252,
258723,
259216,
259368,
254702,
254703,
253546,
253764,
257505,
258320,
253319,
253320,
253124,
253321,
257585,
257897,
253168,
253304,
253536,
253757,
257504,
258319,
255499,
255717,
253853,
254538,
253338,
253582,
253542,
253763,
253518,
253745,
253541,
253762,
253528,
253750,
253519,
253746,
253790,
255222,
255812,
255083,
255236,
253552,
253792,
253336,
253580,
253859,
254531,
257669,
257670,
257671,
257672,
253860,
254532,
254723,
255113,
253347,
253814,
253862,
253522,
253748,
253855,
254537,
256959,
257131,
253539,
253760,
253812,
258454,
258455,
253561,
253801,
254725,
255114,
253567,
253806,
253807,
253858,
254530,
253350,
253771,
253532,
253754,
253550,
253768,
253564,
253803,
253699,
253700,
253520,
253747,
255213,
255803,
255084,
255237,
256955,
257127,
253549,
253767,
253770,
253554,
253795,
253540,
253761,
253810,
253535,
253756,
257663,
257664,
257665,
257666,
257667,
257668,
256958,
257130,
256957,
257129,
255215,
255805,
255208,
255798,
255221,
255811,
253525,
253749,
253560,
253799,
253345,
253818,
253553,
253794,
253555,
253556,
253796,
253562,
253802,
253551,
253769,
253793,
253544,
253545,
253537,
253758,
253529,
253751,
255212,
255802,
253538,
253759,
253813,
255219,
255809,
255223,
255813,
253531,
253753,
253348,
253815,
255210,
255799,
253547,
253765,
253558,
253798,
253568,
253808,
253809,
253557,
253797,
253839,
254535,
255216,
255806,
253548,
253766,
253533,
253755,
256956,
257128,
253854,
254536,
253565,
253804,
253530,
253752,
253566,
253805,
253349,
253774,
253546,
253764,
253536,
253757,
253853,
254538,
253338,
253582,
253339,
253583,
253337,
253581,
253239,
253777,
253816,
253346,
253817,
255214,
255804,
255217,
255807,
255218,
255808,
253861,
254539,
255220,
255810,
253339,
253583,
253337,
253581,
253239,
253777,
253816,
257586,
257898,
253346,
253817,
254326,
260118,
253357,
253667,
257606,
257914,
255214,
255804,
257154,
257430,
256016,
256487,
255838,
256163,
254612,
254712,
257594,
257904,
256438,
256627,
255217,
255807,
257607,
257915,
255732,
255910,
256539,
259777,
259942,
256812,
257257,
254614,
254714,
256019,
256490,
255900,
256529,
258650,
258651,
258652,
256440,
256628,
257293,
257418,
257600,
257909,
255888,
256521,
254602,
254716,
255879,
256040,
256512,
255758,
255944,
255218,
255808,
255874,
256035,
256507,
257227,
257493,
256023,
256493,
257217,
257483,
255873,
256506,
255744,
255920,
254616,
254711,
255742,
255918,
257440,
257941,
256665,
256668,
255885,
256045,
256518,
258260,
258261,
255904,
256533,
258040,
258644,
258733,
258892,
260564,
260565,
260566,
260567,
255751,
255939,
256771,
256431,
256620,
256432,
256621,
257224,
257490,
257161,
257162,
257221,
257487,
255871,
256033,
256504,
256599,
256836,
255882,
256043,
256515,
255906,
256535,
257557,
257925,
255587,
255950,
256433,
256622,
255508,
256763,
257436,
257937,
255746,
255934,
255884,
256044,
256517,
253861,
254539,
255452,
259274,
255371,
259262,
255586,
255949,
255898,
256527,
255220,
255810,
254603,
254717,
255903,
256532,
255377,
259256,
255364,
259269,
255738,
255914,
256540,
256811,
257255,
257256,
256049,
256482,
257712,
258909,
258027,
258028,
257212,
257478,
257724,
258879,
255893,
256523,
257502,
258317,
257437,
257938,
255881,
256042,
256514,
255387,
259241,
258457,
258458,
258459,
258460,
258461,
257202,
257470,
255877,
256038,
256510,
257299,
257419,
257427,
257732,
258877,
258640,
258729,
258741,
258758,
258889,
255887,
256520,
256815,
257260,
256604,
256607,
256193,
256257,
255749,
255937,
260535,
260536,
260537,
254769,
255829,
254604,
254718,
255899,
256528,
255382,
256762,
259251,
257294,
257422,
256606,
256609,
257722,
258881,
255750,
255938,
255389,
259239,
255880,
256041,
256513,
256817,
257262,
256441,
256629,
257608,
257916,
255734,
255912,
255402,
259228,
259378,
257563,
257930,
256437,
256626,
257061,
257062,
257063,
257064,
257065,
257066,
257159,
257415,
255368,
259265,
255370,
259263,
255391,
259237,
257194,
257461,
257153,
257429,
254769,
255829,
255372,
256761,
255385,
259243,
256011,
256484,
255455,
259271,
255261,
259224,
256010,
256483,
255735,
255913,
257199,
257467,
256435,
256624,
255388,
259240,
255743,
255919,
255756,
255942,
257198,
257466,
257156,
257416,
257432,
256025,
256495,
255870,
256032,
256503,
255374,
259259,
257200,
257201,
257468,
257469,
257157,
257433,
255380,
259253,
257298,
257426,
255398,
256759,
255246,
255404,
259219,
259369,
255373,
259261,
257565,
257566,
255367,
259266,
257714,
258883,
255754,
255941,
256427,
256615,
255253,
255406,
256754,
258722,
259215,
259367,
255498,
255718,
255399,
259231,
259381,
257295,
257423,
255747,
255935,
255496,
255720,
255396,
259232,
259383,
255901,
256530,
255760,
255946,
256022,
256492,
257192,
257463,
255369,
259264,
256243,
256244,
256245,
255757,
255943,
255731,
255909,
256538,
255390,
256770,
259238,
255401,
259229,
259379,
255951,
256142,
255381,
259252,
257564,
257931,
255977,
256769,
256014,
256486,
255163,
255164,
256026,
256496,
255384,
259244,
259249,
257185,
257186,
257155,
257431,
257207,
257473,
257183,
257184,
255929,
256149,
255875,
256036,
256508,
255397,
259382,
255740,
255916,
256542,
256030,
256499,
256442,
256630,
255189,
255410,
258717,
259209,
259363,
258642,
258731,
258744,
255181,
258713,
259206,
259360,
257211,
257477,
255257,
255409,
258719,
259211,
259365,
256818,
257263,
255393,
259235,
259386,
255247,
255405,
255249,
256753,
256774,
255255,
255408,
257214,
257480,
257057,
257058,
257059,
255259,
259226,
259376,
256734,
256735,
255924,
256145,
255868,
256501,
256018,
256489,
255180,
258710,
259203,
259357,
255170,
258757,
259074,
259198,
259353,
258641,
258730,
258742,
258743,
258759,
258890,
255365,
259268,
255383,
256756,
259246,
259250,
255168,
258708,
259199,
259354,
255186,
258715,
259208,
259362,
256017,
256488,
255392,
259236,
259387,
255453,
259273,
255378,
259255,
257223,
257489,
255172,
258707,
258780,
258885,
259073,
259197,
259375,
257226,
257492,
256425,
256613,
257197,
257465,
256436,
256625,
257568,
257933,
257589,
257901,
257213,
257479,
257220,
257486,
257215,
257481,
257482,
256021,
256491,
257209,
257475,
256429,
256617,
256618,
255896,
256525,
258653,
258654,
255173,
258709,
259202,
259356,
255376,
259257,
255869,
256031,
256502,
257445,
257946,
256428,
256616,
256605,
256608,
257210,
257476,
258636,
258725,
258737,
258746,
258767,
258770,
258781,
258886,
257222,
257488,
258638,
258727,
258739,
257588,
257900,
255379,
259254,
257204,
257471,
256434,
256623,
255244,
259221,
259371,
255260,
259225,
259374,
257191,
257459,
257218,
257484,
257208,
257474,
256430,
256619,
257219,
257485,
258029,
258030,
258031,
257225,
257491,
255178,
258712,
259205,
259359,
257196,
257464,
256426,
256614,
256024,
256494,
257193,
257460,
255256,
258720,
259212,
257441,
257942,
255895,
256524,
256773,
255361,
259270,
257442,
257943,
256816,
257261,
256443,
256631,
255254,
255407,
258721,
259214,
259366,
255454,
259272,
255375,
259258,
255753,
255940,
258637,
258726,
258738,
258756,
258887,
255886,
256046,
256519,
257443,
257944,
255250,
255251,
255872,
256034,
256505,
257439,
257940,
257438,
257939,
255252,
258723,
259216,
259368,
257585,
257897,
257586,
257898,
257606,
257914,
256016,
256487,
257594,
257904,
256438,
256627,
257607,
257915,
255732,
255910,
256539,
256812,
257257,
256019,
256490,
255900,
256529,
258650,
258651,
258652,
256440,
256628,
257600,
257909,
255888,
256521,
255879,
256040,
256512,
255758,
255944,
255874,
256035,
256507,
257227,
257493,
256023,
256493,
257217,
257483,
255873,
256506,
255744,
255920,
255742,
255918,
257440,
257941,
255885,
256045,
256518,
255904,
256533,
258040,
258644,
258733,
258892,
255751,
255939,
256771,
256431,
256620,
256432,
256621,
257224,
257490,
257221,
257487,
255871,
256033,
256504,
256599,
256836,
255882,
256043,
256515,
255906,
256535,
257557,
257925,
255587,
255950,
256433,
256622,
255508,
256763,
257436,
257937,
255746,
255934,
255884,
256044,
256517,
255452,
259274,
255371,
259262,
255586,
255949,
255898,
256527,
255903,
256532,
255377,
259256,
255364,
259269,
255738,
255914,
256540,
256811,
257255,
257256,
256049,
256482,
258027,
258028,
257212,
257478,
255893,
256523,
257437,
257938,
255881,
256042,
256514,
255387,
259241,
257202,
257470,
255877,
256038,
256510,
258640,
258729,
258741,
258758,
258889,
255887,
256520,
256815,
257260,
256604,
256607,
255749,
255937,
255899,
256528,
255382,
256762,
259251,
256606,
256609,
255750,
255938,
255389,
259239,
255880,
256041,
256513,
256817,
257262,
256441,
256629,
257608,
257916,
255734,
255912,
255402,
259228,
259378,
257563,
257930,
256437,
256626,
255368,
259265,
255370,
259263,
255391,
259237,
257194,
257461,
255372,
256761,
255385,
259243,
256011,
256484,
255455,
259271,
255261,
259224,
256010,
256483,
255735,
255913,
257199,
257467,
256435,
256624,
255388,
259240,
255743,
255919,
255756,
255942,
257198,
257466,
256025,
256495,
255870,
256032,
256503,
255374,
259259,
257200,
257201,
257468,
257469,
255380,
259253,
255398,
256759,
255246,
255404,
259219,
259369,
255373,
259261,
257565,
257566,
255367,
259266,
255754,
255941,
256427,
256615,
255253,
255406,
256754,
258722,
259215,
259367,
255399,
259231,
259381,
255747,
255935,
255396,
259232,
259383,
255901,
256530,
255760,
255946,
256022,
256492,
257192,
257463,
255369,
259264,
255757,
255943,
255731,
255909,
256538,
255390,
256770,
259238,
255401,
259229,
259379,
255381,
259252,
257564,
257931,
255977,
256769,
256014,
256486,
256026,
256496,
255384,
259244,
259249,
257207,
257473,
255875,
256036,
256508,
255397,
259382,
255740,
255916,
256542,
256030,
256499,
256442,
256630,
255189,
255410,
258717,
259209,
259363,
258642,
258731,
258744,
255181,
258713,
259206,
259360,
257211,
257477,
255257,
255409,
258719,
259211,
259365,
256818,
257263,
255393,
259235,
259386,
255247,
255405,
255249,
256753,
256774,
255255,
255408,
257214,
257480,
255259,
259226,
259376,
255868,
256501,
256018,
256489,
255180,
258710,
259203,
259357,
255170,
258757,
259074,
259198,
259353,
258641,
258730,
258742,
258743,
258759,
258890,
255365,
259268,
255383,
256756,
259246,
259250,
255168,
258708,
259199,
259354,
255186,
258715,
259208,
259362,
256017,
256488,
255392,
259236,
259387,
255453,
259273,
255378,
259255,
255169,
258711,
259201,
259204,
259355,
259358,
256458,
257357,
255179,
258714,
259207,
259361,
255395,
259233,
259384,
257547,
257936,
255366,
259267,
255188,
258718,
259210,
259364,
255394,
259234,
259385,
255245,
255403,
256755,
259220,
259370,
255400,
259230,
259380,
255386,
259242,
255264,
259222,
259372,
255262,
259223,
259373,
255258,
259227,
259377,
255522,
256767,
255883,
256516,
255759,
255945,
256772,
255733,
255911,
255509,
256757,
255525,
256758,
255745,
255921,
255519,
256764,
255739,
255915,
256541,
255737,
256766,
255908,
256537,
255527,
256760,
255890,
256522,
255741,
255917,
256543,
255748,
255936,
255878,
256039,
256511,
256029,
256498,
255876,
255891,
256037,
256509,
255596,
256765,
255867,
256500,
255761,
255947,
255762,
255948,
255905,
256534,
256768,
257195,
257462,
255902,
256531,
255897,
256526,
256027,
256497,
255907,
256536,
256814,
257259,
256013,
256485,
258645,
258734,
258643,
258732,
258891,
256813,
257258,
257597,
257907,
257444,
257945,
257595,
257905,
257558,
257559,
257926,
257604,
257913,
258011,
258012,
257205,
257472,
258016,
258017,
258018,
258024,
258025,
258019,
258020,
258021,
258022,
258023,
257603,
257912,
257579,
257891,
257549,
257918,
257562,
257929,
257550,
257919,
257596,
257906,
257587,
257899,
257553,
257921,
258639,
258728,
258740,
258888,
257554,
257922,
257548,
257917,
257582,
257894,
257602,
257911,
257601,
257910,
257591,
257902,
257556,
257924,
257583,
257895,
257560,
257927,
257561,
257928,
258646,
258735,
257552,
257920,
257584,
257896,
257569,
257934,
257555,
257923,
257599,
257908,
257580,
257892,
257592,
257903,
257567,
257932,
257581,
257893,
258635,
258724,
258736,
258745,
258760,
258765,
258766,
258768,
258775,
258884,
258368,
258599,
255292,
255972,
256292,
256243,
256244,
256245,
257185,
257186,
257183,
257184,
257057,
257058,
257059,
255169,
258711,
259201,
259204,
259355,
259358,
256277,
257411,
255411,
256237,
256635,
256636,
256053,
256054,
255418,
256175,
256051,
256052,
257052,
257053,
257054,
257055,
257056,
256239,
256240,
256241,
257179,
257180,
257181,
259617,
259618,
259619,
259620,
259621,
256262,
257410,
257292,
257420,
257297,
257425,
257152,
257428,
257154,
257430,
257293,
257418,
257161,
257162,
257299,
257419,
257427,
257294,
257422,
257159,
257415,
257153,
257429,
257156,
257416,
257432,
257157,
257433,
257298,
257426,
257295,
257423,
257155,
257431,
256458,
257357,
256277,
257411,
257296,
257424,
256300,
257369,
255179,
258714,
259207,
259361,
255395,
259233,
259384,
257496,
258312,
257547,
257936,
255366,
259267,
255188,
258718,
259210,
259364,
255411,
256237,
255394,
259234,
259385,
255245,
255403,
256755,
259220,
259370,
255400,
259230,
259380,
255386,
259242,
255264,
259222,
259372,
255262,
259223,
259373,
255258,
259227,
259377,
256635,
256636,
255522,
256767,
255831,
256156,
255883,
256516,
255759,
255945,
256772,
255733,
255911,
255494,
255727,
255509,
256757,
256053,
256054,
255525,
256758,
255745,
255921,
255418,
256175,
255519,
256764,
256051,
256052,
255739,
255915,
256541,
255737,
256766,
255908,
256537,
257741,
258874,
255497,
255719,
255527,
256760,
255837,
256161,
255890,
256522,
257052,
257053,
257054,
257055,
257056,
255504,
255724,
255741,
255917,
256543,
255748,
255936,
255931,
256152,
255878,
256039,
256511,
256029,
256498,
255876,
255891,
256037,
256509,
255596,
256765,
255922,
256143,
255867,
256500,
255761,
255947,
255762,
255948,
257638,
257639,
260505,
259818,
259819,
259881,
259882,
258993,
258994,
257636,
260506,
257635,
258870,
260507,
259777,
259942,
257712,
258909,
257724,
258879,
258457,
258458,
258459,
258460,
258461,
257732,
258877,
260535,
260536,
260537,
257722,
258881,
257714,
258883,
257741,
258874,
257640,
258869,
257719,
258882,
257723,
258880,
257661,
258871,
257647,
258865,
257641,
260504,
257654,
260086,
260087,
257655,
258616,
260085,
257718,
258906,
257679,
258873,
257673,
258872,
257658,
258613,
260082,
257736,
258876,
257710,
258907,
257651,
258867,
257645,
260503,
257648,
258868,
257660,
258612,
260081,
257662,
260508,
257657,
258614,
260083,
257656,
258615,
260084,
255905,
256534,
256768,
257195,
257462,
255902,
256531,
257640,
258869,
255897,
256526,
256027,
256497,
255907,
256536,
256239,
256240,
256241,
256814,
257259,
256013,
256485,
258645,
258734,
257296,
257424,
256734,
256735,
256300,
257369,
256214,
260745,
256200,
256568,
257719,
258882,
258643,
258732,
258891,
256813,
257258,
257597,
257907,
257179,
257180,
257181,
258443,
258444,
257444,
257945,
257595,
257905,
257723,
258880,
257558,
257559,
257926,
257604,
257913,
258011,
258012,
257205,
257472,
258016,
258017,
258018,
258024,
258025,
258019,
258020,
258021,
258022,
258023,
257603,
257912,
257661,
258871,
257579,
257891,
257647,
258865,
258107,
258108,
258102,
258103,
258104,
257549,
257918,
257562,
257929,
257550,
257919,
257596,
257906,
257587,
257899,
257553,
257921,
256861,
256862,
256863,
256903,
256904,
257641,
260504,
258639,
258728,
258740,
258888,
257554,
257922,
257548,
257917,
257957,
259279,
257582,
257894,
257654,
260086,
260087,
257602,
257911,
257601,
257910,
257591,
257902,
257556,
257924,
257583,
257895,
257655,
258616,
260085,
257718,
258906,
257560,
257927,
257561,
257928,
258107,
258108,
257824,
259139,
257679,
258873,
258405,
258406,
257673,
258872,
258646,
258735,
257552,
257920,
257584,
257896,
257658,
258613,
260082,
257569,
257934,
257819,
259137,
258351,
258598,
257555,
257923,
258372,
258597,
257736,
258876,
258102,
258103,
258104,
257599,
257908,
257710,
258907,
258375,
258596,
257580,
257892,
257592,
257903,
257958,
259277,
257567,
257932,
257581,
257893,
257651,
258867,
257645,
260503,
259455,
260935,
259561,
259562,
259608,
260385,
260727,
260206,
260726,
260102,
260725,
260053,
260382,
258349,
258594,
257957,
259279,
257824,
259139,
257819,
259137,
257958,
259277,
257948,
259278,
257825,
259138,
257977,
257978,
257648,
258868,
257808,
259465,
259528,
257660,
258612,
260081,
259998,
259999,
257808,
259465,
259528,
257792,
257794,
257785,
257786,
257836,
259337,
259527,
259995,
257834,
258634,
259103,
259104,
258419,
258420,
258421,
257662,
260508,
257657,
258614,
260083,
257948,
259278,
257792,
257794,
257656,
258615,
260084,
258635,
258724,
258736,
258745,
258760,
258765,
258766,
258768,
258775,
258884,
258368,
258599,
258405,
258406,
258351,
258598,
258372,
258597,
258375,
258596,
258349,
258594,
258377,
258378,
258379,
258369,
258592,
258354,
258591,
258360,
258589,
258363,
258588,
258364,
258587,
258357,
258586,
258367,
258585,
258346,
258584,
257785,
257786,
257825,
259138,
258377,
258378,
258379,
257987,
257988,
257987,
257988,
257836,
259337,
259527,
259995,
257834,
258634,
258369,
258592,
258354,
258591,
257977,
257978,
258360,
258589,
258363,
258588,
258364,
258587,
259103,
259104,
258357,
258586,
258367,
258585,
258346,
258584,
258489,
258490,
258491,
258492,
258493,
258494,
258495,
258472,
258473,
258474,
258475,
258476,
258477,
258478,
258479,
258480,
258481,
258482,
258483,
258484,
258485,
258486,
258419,
258420,
258421,
260598,
260599,
260623,
260624,
259617,
259618,
259619,
259620,
259621,
258448,
258449,
258446,
258447,
258463,
258464,
258465,
258472,
258473,
258474,
258475,
258476,
258477,
258478,
258479,
258480,
258481,
258482,
258483,
258484,
258485,
258486,
260555,
260556,
259411,
260010,
260258,
260296,
259415,
260009,
259425,
260015,
260251,
260292,
260293,
259428,
260627,
259451,
260247,
259452,
260012,
260255,
260300,
259471,
260252,
259463,
260011,
259470,
260254,
260297,
259391,
260014,
259464,
260256,
259469,
260259,
260173,
260174,
260163,
260162,
260139,
260140,
260169,
260170,
260157,
260158,
260135,
260137,
260167,
260165,
260166,
260576,
260577,
260564,
260565,
260566,
260567,
260576,
260577,
260659,
260660,
260936,
260937,
260938,
260939,
260940,
260941
)
AND id NOT IN(
251437,
259411,
259415,
257223,
156065,
156358,
180675,
259425,
252649,
259428,
248701,
259451,
230978,
248787,
249366,
255172,
257638,
256861,
259452,
155854,
186661,
249545,
239028,
180675,
155854,
220239,
156221,
220255,
223672,
239982,
229139,
239022,
251154,
235239,
248780,
248170,
248525,
250658,
248692,
249340,
249327,
249326,
249316,
251134,
251073,
253370,
253357,
239021,
190639,
248674,
255292,
259471,
259463,
250677,
220239,
206732,
258463,
259470,
248623,
156065,
156358,
156221,
156464,
156573,
156420,
157045,
176195,
176210,
176237,
254938,
179410,
204065,
252203,
206739,
252229,
251444,
251500,
251495,
227329,
242099,
252170,
251502,
243218,
252160,
251512,
252171,
251486,
250626,
251801,
251558,
251515,
251199,
251800,
252156,
223735,
156464,
251837,
259455,
248706,
186661,
229383,
239287,
258443,
260659,
156573,
156420,
260555,
257226,
253271,
188200,
157045,
239017,
231383,
256425,
259391,
239110,
253542,
253518,
257197,
176195,
250634,
256436,
203746,
176210,
260173,
248724,
253541,
203846,
239106,
176237,
257568,
220255,
253528,
257589,
248627,
227228,
253519,
255222,
248717,
255083,
260162,
253950,
241610,
254938,
259464,
241374,
179410,
253941,
248751,
244733,
248903,
257213,
257220,
253552,
188200,
239115,
253336,
248756,
257215,
259998,
253859,
254368,
257669,
204065,
248738,
190639,
226451,
253860,
256021,
252203,
254723,
253347,
241610,
241601,
248054,
241547,
241706,
257209,
256429,
250043,
255896,
260936,
203746,
203846,
227228,
241601,
230978,
248534,
253522,
253855,
248625,
248630,
239113,
256959,
248787,
249545,
206732,
206739,
250043,
250027,
250003,
249988,
249961,
249964,
249950,
249941,
249933,
249931,
249905,
249898,
249889,
249863,
249857,
249827,
249746,
249727,
249724,
249713,
249704,
249697,
249682,
249675,
250054,
249644,
249630,
249627,
249622,
249615,
249618,
249604,
249580,
249577,
249575,
249562,
249565,
249557,
249509,
250131,
250130,
250120,
250116,
250106,
250100,
250089,
250087,
250080,
250081,
250082,
250075,
250072,
256370,
228570,
248149,
242371,
252229,
229383,
258653,
239085,
253539,
231376,
239108,
252839,
260851,
255173,
231367,
258454,
248742,
255376,
250761,
251444,
239124,
255869,
253561,
248632,
257445,
248701,
223672,
223735,
248706,
231383,
248724,
248717,
248751,
248756,
248738,
248534,
228570,
231376,
231367,
248742,
248748,
248712,
248743,
248721,
248705,
248755,
248718,
248759,
248719,
248735,
248704,
248744,
248703,
248733,
248707,
248714,
248750,
248732,
248702,
248736,
248544,
248739,
248545,
248546,
248710,
248745,
248551,
248752,
248553,
248741,
248716,
248560,
248720,
248757,
248734,
248747,
248550,
248549,
248708,
248711,
248749,
248753,
248543,
248542,
248723,
248564,
248557,
248554,
248547,
248552,
251526,
259818,
259881,
254725,
248621,
256428,
250675,
227442,
256605,
249192,
253567,
257210,
253858,
258636,
248054,
239121,
233917,
239107,
251500,
248748,
257222,
253350,
258638,
253532,
239112,
253550,
239109,
239111,
257588,
255379,
239982,
239082,
253564,
253699,
258993,
229139,
251495,
253520,
239045,
239028,
239022,
239021,
248674,
248623,
227329,
239017,
239110,
250634,
239106,
248627,
248903,
239115,
226451,
248625,
248630,
239113,
239085,
239108,
239124,
248632,
248621,
227442,
239121,
233917,
239107,
239112,
239109,
239111,
239082,
239045,
239120,
248646,
248910,
239333,
239043,
248624,
238907,
248622,
239090,
239117,
239116,
239119,
239086,
239023,
248662,
248634,
248628,
248942,
248626,
248633,
248629,
248654,
248631,
242099,
255213,
239120,
248712,
248743,
256388,
255084,
248721,
256955,
253549,
251154,
257204,
253554,
253540,
260139,
252597,
252170,
238278,
253950,
253941,
242371,
250761,
249192,
238278,
249284,
252531,
252518,
237354,
236669,
252517,
237644,
252508,
235239,
241547,
253535,
257663,
260169,
241706,
257500,
249284,
252531,
255927,
256192,
251502,
256958,
255933,
256434,
255844,
256957,
248646,
260157,
252602,
248910,
260598,
252518,
237354,
257500,
255927,
256192,
255933,
255844,
257501,
255930,
257503,
255834,
255481,
255925,
255832,
255840,
255836,
255839,
255503,
255833,
256664,
255923,
255835,
255926,
258276,
257506,
255501,
257498,
255830,
255932,
255502,
255500,
257523,
257510,
254594,
254600,
255928,
257508,
254613,
256666,
257507,
257499,
254702,
257505,
257504,
255499,
254326,
255838,
254612,
254614,
254602,
254616,
256665,
258260,
254603,
257502,
256193,
254604,
257061,
255498,
255496,
255951,
255929,
255924,
255244,
256262,
257496,
255831,
255494,
255497,
255837,
255504,
255931,
255922,
256214,
256200,
241374,
244733,
239287,
239333,
255215,
239043,
248705,
248624,
236669,
243218,
252517,
238907,
248622,
257501,
239090,
237644,
255260,
239117,
248780,
250027,
255930,
239116,
239119,
249366,
257191,
239086,
239023,
250003,
259561,
255208,
249988,
257218,
248755,
249961,
249964,
249950,
249941,
249933,
249931,
248718,
242004,
242004,
249905,
255221,
249898,
249889,
257208,
249863,
249857,
248759,
248719,
248149,
249827,
248735,
248662,
248704,
248634,
257503,
248170,
249746,
249727,
249724,
248744,
249713,
249704,
249697,
248628,
255834,
249682,
248525,
249675,
248942,
248703,
248733,
256430,
248707,
250054,
252160,
253263,
257219,
253525,
249644,
248714,
251512,
248750,
253560,
249630,
259608,
248732,
248702,
249627,
248736,
258029,
255481,
252810,
249622,
249615,
257225,
249618,
258470,
249392,
252831,
255178,
258489,
258448,
248544,
248739,
248545,
248546,
249604,
248710,
248745,
248551,
253345,
252171,
248752,
248553,
248741,
248716,
248626,
248633,
248560,
248720,
257196,
248757,
248734,
256426,
248747,
248550,
248549,
248708,
248711,
248749,
248753,
249580,
249577,
255925,
248543,
248542,
249575,
248723,
248564,
248557,
260135,
248554,
248547,
248552,
248629,
249562,
253553,
255832,
249565,
248654,
258446,
249557,
248631,
253555,
255840,
252055,
255836,
256024,
257193,
251486,
255256,
250658,
260206,
251751,
252057,
248692,
252088,
253562,
255839,
250675,
250626,
252601,
254366,
255503,
255833,
252956,
249509,
252056,
257441,
256664,
249340,
260165,
258470,
255923,
253551,
255895,
249327,
249326,
249316,
251437,
252649,
250677,
251837,
256370,
251526,
252597,
252602,
249392,
252055,
251751,
252057,
252088,
252601,
252056,
252180,
251752,
250615,
251783,
252092,
252181,
252179,
252054,
252059,
252058,
252014,
251856,
251065,
251750,
251070,
251749,
251753,
251755,
251115,
252600,
252676,
253544,
255163,
255361,
253537,
257442,
255835,
256816,
252180,
253529,
255926,
251590,
256443,
250131,
250130,
250120,
250116,
250106,
250100,
250089,
250087,
250080,
250081,
250082,
250075,
250072,
251801,
255212,
255254,
251752,
250615,
251783,
252092,
252181,
253538,
252179,
251558,
258276,
252054,
251134,
252059,
252058,
252014,
255219,
251073,
252839,
252831,
251515,
255223,
251856,
251065,
251750,
251070,
251749,
251753,
260102,
251755,
251199,
253531,
251115,
251800,
255454,
252156,
253348,
257506,
252508,
253609,
253370,
255501,
251813,
255375,
256388,
252956,
251590,
253609,
251813,
257636,
257498,
255830,
255210,
253271,
260851,
253263,
252810,
252677,
253319,
253124,
253168,
257635,
256903,
259469,
255932,
253547,
254368,
254366,
253034,
253203,
254365,
254367,
255502,
253558,
255500,
257523,
253568,
260623,
255753,
258637,
252600,
253557,
252677,
255886,
252676,
253034,
257510,
253839,
255216,
253203,
257443,
254594,
254600,
254365,
255250,
253548,
255928,
255872,
257508,
253533,
257439,
257292,
257297,
254613,
256956,
257152,
253854,
256666,
257507,
257438,
253565,
253530,
253566,
260053,
257499,
253349,
254367,
255252,
254702,
253546,
257505,
253319,
253124,
257585,
253168,
253536,
257504,
255499,
253853,
253338,
253542,
253518,
253541,
253528,
253519,
255222,
255083,
253552,
253336,
253859,
257669,
253860,
254723,
253347,
253522,
253855,
256959,
253539,
258454,
253561,
254725,
253567,
253858,
253350,
253532,
253550,
253564,
253699,
253520,
255213,
255084,
256955,
253549,
253554,
253540,
253535,
257663,
256958,
256957,
255215,
255208,
255221,
253525,
253560,
253345,
253553,
253555,
253562,
253551,
253544,
253537,
253529,
255212,
253538,
255219,
255223,
253531,
253348,
255210,
253547,
253558,
253568,
253557,
253839,
255216,
253548,
253533,
256956,
253854,
253565,
253530,
253566,
253349,
253546,
253536,
253853,
253338,
253339,
253337,
253239,
253346,
255214,
255217,
255218,
253861,
255220,
253339,
253337,
253239,
257586,
253346,
254326,
253357,
257606,
255214,
257154,
256016,
255838,
254612,
257594,
256438,
255217,
257607,
255732,
259777,
256812,
254614,
256019,
255900,
258650,
256440,
257293,
257600,
255888,
254602,
255879,
255758,
255218,
255874,
257227,
256023,
257217,
255873,
255744,
254616,
255742,
257440,
256665,
255885,
258260,
255904,
260564,
255751,
256431,
256432,
257224,
257161,
257221,
255871,
256599,
255882,
255906,
257557,
255587,
256433,
255508,
257436,
255746,
255884,
253861,
255452,
255371,
255586,
255898,
255220,
254603,
255903,
255377,
255364,
255738,
256811,
256049,
257712,
258027,
257212,
257724,
255893,
257502,
257437,
255881,
255387,
258457,
257202,
255877,
257299,
257732,
258640,
255887,
256815,
256604,
256193,
255749,
260535,
254769,
254604,
255899,
255382,
257294,
256606,
257722,
255750,
255389,
255880,
256817,
256441,
257608,
255734,
255402,
257563,
256437,
257061,
257159,
255368,
255370,
255391,
257194,
257153,
254769,
255372,
255385,
256011,
255455,
255261,
256010,
255735,
257199,
256435,
255388,
255743,
255756,
257198,
257156,
256025,
255870,
255374,
257200,
257157,
255380,
257298,
255398,
255246,
255373,
257565,
255367,
257714,
255754,
256427,
255253,
255498,
255399,
257295,
255747,
255496,
255396,
255901,
255760,
256022,
257192,
255369,
256243,
255757,
255731,
255390,
255401,
255951,
255381,
257564,
255977,
256014,
255163,
256026,
255384,
257185,
257155,
257207,
257183,
255929,
255875,
255397,
255740,
256030,
256442,
255189,
258642,
255181,
257211,
255257,
256818,
255393,
255247,
255249,
255255,
257214,
257057,
255259,
256734,
255924,
255868,
256018,
255180,
255170,
258641,
255365,
255383,
255168,
255186,
256017,
255392,
255453,
255378,
257223,
255172,
257226,
256425,
257197,
256436,
257568,
257589,
257213,
257220,
257215,
256021,
257209,
256429,
255896,
258653,
255173,
255376,
255869,
257445,
256428,
256605,
257210,
258636,
257222,
258638,
257588,
255379,
257204,
256434,
255244,
255260,
257191,
257218,
257208,
256430,
257219,
258029,
257225,
255178,
257196,
256426,
256024,
257193,
255256,
257441,
255895,
255361,
257442,
256816,
256443,
255254,
255454,
255375,
255753,
258637,
255886,
257443,
255250,
255872,
257439,
257438,
255252,
257585,
257586,
257606,
256016,
257594,
256438,
257607,
255732,
256812,
256019,
255900,
258650,
256440,
257600,
255888,
255879,
255758,
255874,
257227,
256023,
257217,
255873,
255744,
255742,
257440,
255885,
255904,
255751,
256431,
256432,
257224,
257221,
255871,
256599,
255882,
255906,
257557,
255587,
256433,
255508,
257436,
255746,
255884,
255452,
255371,
255586,
255898,
255903,
255377,
255364,
255738,
256811,
256049,
258027,
257212,
255893,
257437,
255881,
255387,
257202,
255877,
258640,
255887,
256815,
256604,
255749,
255899,
255382,
256606,
255750,
255389,
255880,
256817,
256441,
257608,
255734,
255402,
257563,
256437,
255368,
255370,
255391,
257194,
255372,
255385,
256011,
255455,
255261,
256010,
255735,
257199,
256435,
255388,
255743,
255756,
257198,
256025,
255870,
255374,
257200,
255380,
255398,
255246,
255373,
257565,
255367,
255754,
256427,
255253,
255399,
255747,
255396,
255901,
255760,
256022,
257192,
255369,
255757,
255731,
255390,
255401,
255381,
257564,
255977,
256014,
256026,
255384,
257207,
255875,
255397,
255740,
256030,
256442,
255189,
258642,
255181,
257211,
255257,
256818,
255393,
255247,
255249,
255255,
257214,
255259,
255868,
256018,
255180,
255170,
258641,
255365,
255383,
255168,
255186,
256017,
255392,
255453,
255378,
255169,
256458,
255179,
255395,
257547,
255366,
255188,
255394,
255245,
255400,
255386,
255264,
255262,
255258,
255522,
255883,
255759,
255733,
255509,
255525,
255745,
255519,
255739,
255737,
255908,
255527,
255890,
255741,
255748,
255878,
256029,
255876,
255596,
255867,
255761,
255762,
255905,
257195,
255902,
255897,
256027,
255907,
256814,
256013,
258645,
258643,
256813,
257597,
257444,
257595,
257558,
257604,
258011,
257205,
258016,
257603,
257579,
257549,
257562,
257550,
257596,
257587,
257553,
258639,
257554,
257548,
257582,
257602,
257601,
257591,
257556,
257583,
257560,
257561,
258646,
257552,
257584,
257569,
257555,
257599,
257580,
257592,
257567,
257581,
258635,
258368,
255292,
256243,
257185,
257183,
257057,
255169,
256277,
255411,
256635,
256053,
255418,
256051,
257052,
256239,
257179,
259617,
259620,
256262,
257292,
257297,
257152,
257154,
257293,
257161,
257299,
257294,
257159,
257153,
257156,
257157,
257298,
257295,
257155,
256458,
256277,
257296,
256300,
255179,
255395,
257496,
257547,
255366,
255188,
255411,
255394,
255245,
255400,
255386,
255264,
255262,
255258,
256635,
255522,
255831,
255883,
255759,
255733,
255494,
255509,
256053,
255525,
255745,
255418,
255519,
256051,
255739,
255737,
255908,
257741,
255497,
255527,
255837,
255890,
257052,
255504,
255741,
255748,
255931,
255878,
256029,
255876,
255596,
255922,
255867,
255761,
255762,
257638,
259818,
259881,
258993,
257636,
257635,
259777,
257712,
257724,
258457,
257732,
260535,
257722,
257714,
257741,
257640,
257719,
257723,
257661,
257647,
257641,
257654,
257655,
257718,
257679,
257673,
257658,
257736,
257710,
257651,
257645,
257648,
257660,
257662,
257657,
257656,
255905,
257195,
255902,
257640,
255897,
256027,
255907,
256239,
256814,
256013,
258645,
257296,
256734,
256300,
256214,
256200,
257719,
258643,
256813,
257597,
257179,
258443,
257444,
257595,
257723,
257558,
257604,
258011,
257205,
258016,
257603,
257661,
257579,
257647,
258107,
258102,
257549,
257562,
257550,
257596,
257587,
257553,
256861,
256903,
257641,
258639,
257554,
257548,
257957,
257582,
257654,
257602,
257601,
257591,
257556,
257583,
257655,
257718,
257560,
257561,
258107,
257824,
257679,
258405,
257673,
258646,
257552,
257584,
257658,
257569,
257819,
258351,
257555,
258372,
257736,
258102,
257599,
257710,
258375,
257580,
257592,
257958,
257567,
257581,
257651,
257645,
259455,
259561,
259608,
260206,
260102,
260053,
258349,
257957,
257824,
257819,
257958,
257948,
257825,
257977,
257648,
257808,
257660,
259998,
257808,
257792,
257785,
257836,
257834,
259103,
258419,
257662,
257657,
257948,
257792,
257656,
258635,
258368,
258405,
258351,
258372,
258375,
258349,
258377,
258369,
258354,
258360,
258363,
258364,
258357,
258367,
258346,
257785,
257825,
258377,
257987,
257987,
257836,
257834,
258369,
258354,
257977,
258360,
258363,
258364,
259103,
258357,
258367,
258346,
258489,
258472,
258419,
260598,
260623,
259617,
259620,
258448,
258446,
258463,
258472,
260555,
259411,
259415,
259425,
259428,
259451,
259452,
259471,
259463,
259470,
259391,
259464,
259469,
260173,
260162,
260139,
260169,
260157,
260135,
260165,
260576,
260564,
260576,
260659,
260936
);