15994,
92514,
107912,
115202,
172192,
174298,
197095,
197101,
202022,
203077,
210147,
233413,
234365,
244389,
261478,
264335,
272727,
282647,
297082,
343557,
352532,
372842,
433199,
433234,
433239,
433269,
433289,
433294,
433299,
433494,
433524,
433644,
433664,
433704,
433714,
433734,
433849,
433854,
433859,
433914,
433919,
433959,
434059,
434184,
434189,
434194,
434199,
434209,
434224,
434234,
434264,
434349,
434364,
434369,
434379,
434384,
434389,
434394,
434399,
434409,
434484,
434489,
434494,
434499,
434509,
434524,
434529,
434554,
434559,
434564,
434569,
434584,
434589,
434619,
434644,
434649,
434654,
434669,
434804,
434809,
434864,
434889,
434899,
434929,
434949,
434989,
434999,
435064,
435144,
435159,
435184,
435224,
435249,
435274,
435279,
435289,
435379,
435399,
435409,
435469,
435479,
435484,
435539,
435544,
435549,
435554,
435579,
435609,
435649,
435654,
435704,
435739,
435754,
435774,
435844,
435849,
435889,
435944,
435974,
435994,
436024,
436034,
436059,
436084,
436089,
436129,
436174,
436179,
436219,
436224,
436239,
436254,
436269,
436284,
436329,
436339,
436364,
436379,
436449,
436459,
436484,
436544,
436554,
436574,
436584,
436599,
436614,
436634,
436644,
436669,
436689,
436709,
436764,
436769,
436814,
436829,
436839,
436844,
436874,
436889,
436904,
436909,
436919,
436929,
436934,
436949,
436959,
436969,
436999,
437004,
437024,
437029,
437049,
437054,