82366
189865
51522
75130
145694
245286
234263
43704
12275
259834
37202
27835
167521
100948
15792
16222
137500
263911
83762
45298
40314
107158
30715
65508
94501
23453
16983
344232
175518
124156
68711
244118
160193
257275
117753
148269
140684
125931
147119
168197
133070
251646
127649
238276
232048
31288
42215
102303
135109
129834
41018
111475
105560
169469
21052
44091
245574
63020
69380
250971
102210
356127
261289
173153
247314
239876
181530
102430
160145
98269
236255
197528
94412
170446
98381
176564
152628
261640
198644
136287
214592
25444
20486
67243
130589
27912
255595
186725
274582
41986
246907
93777
204926
250653
81615
242913
233742
9990
205739
136476
201091
268517
173205
23353
170776
263351
244459
81720
141141
213190
177147
44131
194065
71707
231258
59946
245467
250325
256907
142999
98032
91968
110895
121122
397912
154856
29906
85812
118948
232751
121432
50529
215971
246650
202208
148177
158470
56511
95522
25790
62419
261184
32252
68617
146396
128458
210626
238328
25226
247397
164030
245415
30644
240963
225256
141470
234363
85680
240343
166274
15374
159466
219352
258430
223496
178741
68543
196545
43969
55825
229775
190405
238039
32869
211039
210041
184763
82964
233265
69160
202841
72455
29394
126702
43539
229784
266701
145158
118669
199341
85985
232317
105053
159507
235710
111953
103392
162356
178024
158102
35375
16630
213499
116144
163372
249649
103787
124417
94271
134727
249158
151012
244073
47563
116762
216077
191092
167007
22073
31606
109635
41417
36977
142636
111602
72920
67663
96966
256118
54975
39575
135611
172989
247976
178860
81028
170682
106990
27262
108442
50887
25475
192734
45894
211612
218591
282792
169661
192809
361687
134151
96463
62895
89852
107411
37100
116481
71379
191152
235591
44134
136353
42591
73673
236218
48925
258426
144997
17869
51876
46940
199250
222482
181495
10191
90881
50564
65935
76819
188081
174176
91180
72353
25712
39790
109659
189375
39225
189169
183907
32748
244155
184368
142217
258953
209467
193579
155695
61384
54968
186366
25035
68442
26323
89527
87462
218092
74062
171976
217024
212188
120990
60172
111425
274092
89693
159578
131565
167663
35858
115923
316792
26049
225802
256103
80165
261203
32115
10335
240471
176155
180161
31499
52003
119538
198617
140285
241950
141729
17216
10322
159980
131
205935
129156
176170
142543
173749
129950
155891
379852
216619
256353
178038
53969
148404
106556
175009
172993
181166
122598
54217
263867
119668
124269
143800
87224
182448
182248
13095
231163
77019
212860
28413
193008
208688
10860
16290
164832
17211
17507
38487
198373
227166
247599
33044
176449
125980
212534
232546
44926
340662
41761
206527
258102
55703
205678
148392
138278
215366
225406
45594
245066
158038
248478
200322
197303
126033
180172
239599
230321
34679
49480
34624
258110
258816
35227
101349
38262
89347
232543
135897
47597
73054
61170
110525
238062
112229
20992
144096
113796
185741
191061
121469
29149
13755
20535
22993
147724
191359
70162
237896
111873
248384
190986
16395
217677
245044
183336
258598
244875
257888
41571
238689
111544
136774
108863
256259
110990
246697
192100
247905
248094
202836
131273
41026
171521
224542
143715
216855
133646
91652
150129
161308
216772
55131
104494
199432
208660
99242
259850
113890
184815
47426
144277
29305
135284
96649
26041
92809
208881
214502
78198
167973
59334
118293
176420
22858
376107
389487
259521
101112
45284
157059
403572
73794
135949
62621
212478
96204
189025
36012
80543
207973
90508
132338
189685
20962
244351
165965
192763
29197
218473
162406
115320
220152
34832
56400
28807
25082
156962
240834
292087
55061
222741
138694
168053
217907
107597
97145
393567
22530
245133
80681
88424
73946
181971
226557
72207
178867
45545
213213
231970
160332
75689
202955
80297
257340
36625
179130
194889
89916
259460
168180
164276
96634
132592
63413
187396
45544
212294
152849
194787
251438
70158
148521
146273
82036
90302
174690
44955
74141
48318
247887
249974
10061
42460
92091
98914
68146
160686
197480
217470
122411
260057
64814
187805
20927
151236
92252
53718
182663
34164
52676
164110
163140
148930
116836
191204
218197
246297
59531
136118
232800
198477
17311
15772
194046
179864
108370
53937
220985
97504
208157
32726
222160
20795
100485
51795
87627
56647
91724
194527
73867
193050
88418
158960
25747
98847
189907
29108
38060
173501
219302
32237
95388
203933
95690
261860
186322
100574
203672
125363
235878
86576
202379
22284
194574
122373
193339
119020
407207
111738
65932
184941
186622
85794
237768
37760
221600
36420
215866
191440
209926
240162
397807
37377
175569
131855
258175
174452
125847
112101
131597
243637
131936
42985
27350
168931
263496
140558
158836
189652
99665
125428
42334
45443
53175
152643
233397
121480
256270
216316
188943
198568
215817
92019
103716
265672
235574
34640
185993
141568
242838
84706
26781
170694
48020
21876
86196
177598
265065
109758
173040
192749
136088
46625
216950
25916
211639
142412
83437
77299
206686
85486
200822
90277
233549
234295
251660
102843
123538
218727
124060
27286
165832
63529
22963
180618
248651
176389
165389
225550
98002
96915
232890
139453
67666
89794
105628
10011
128444
152343
15999
228777
184054
186212
72114
128193
46763
67381
63501
224614
72849
403642
43869
26998
258554
169021
177997
74041
97985
19678
251070
110837
82338
156839
87357
25170
70286
190477
199137
170355
238990
30000
16638
153027
274417
132619
235660
183398
75931
130645
106724
25954
184830
162603
149079
54168
21210
41950
120102
232105
237683
217106
70819
51516
70204
57483
16464
72569
213902
148677
66076
249213
97541
168636
137214
196330
91548
238217
51883
78577
38831
174772
30659
176120
32877
27133
109096
119414
88192
141665
124882
267363
36455
206251
96508
239259
261054
87083
130357
106452
84301
78129
207314
140082
20477
241305
227545
92340
112090
260182
223340
233844
305142
44090
24145
144968
107607
134079
29949
261402
159380
216568
47304
24733
76998
60626
350242
241168
65896
150151
165900
114130
112585
124912
20790
150739
48379
80916
92202
82358
90620
146904
56655
220857
151462
15738
79927
195246
146796
213418
176355
167320
15997
203242
124322
33753
131490
71535
49110
109535
19785
92383
251968
75921
39314
89551
181635
87829
57018
165020
201201
127547
219795
37312
129215
154173
57902
81855
222502
65444
71053
175747
196194
160200
83410
176541
47501
226389
113228
83579
46670
203112
165701
64998
166688
240101
66102
209477
219688
32053
70463
177633
114953
131103
189134
148025
173371
218577
206868
133990
181876
119421
227093
56280
198310
35692
81151
190422
283037
112426
126770
237607
32761
241798
261300
81255
397167
159318
16867
80181
53173
51195
336617
383027
233664
174633
31749
137957
65791
232774
242632
170068
191296
277352
146644
154467
175462